  0.10471975511965977       -7.1544082763624284E-002 -0.39352455850370666     
  0.31415926535897931      -0.27331854908526143      -0.69190004252366910     
  0.52359877559829882      -0.38670155998819983      -0.89558613818745303     
  0.73303828583761832      -0.49676272750449546      -0.99478586100652222     
  0.94247779607693793      -0.54516754614165386       -1.0277545074682715     
   1.1519173063162573      -0.63596076202644902      -0.90410045979760567     
   1.3613568165555769      -0.36404688497375326      -0.66787863573600248     
   1.5707963267948966      -0.12595754489521724      -0.65629358132480331     
   1.7802358370342160       -2.5335714171018400E-002 -0.61468006233962258     
   1.9896753472735356        8.0246891920518221E-003 -0.54583744553742974     
   2.1991148575128552        1.3390364387942100E-002 -0.48210683226788098     
   2.4085543677521746        1.1371303658130022E-002 -0.43189967972158610     
   2.6179938779914940        8.8124736473353393E-003 -0.39262109758655700     
   2.8274333882308138        6.9078529643531641E-003 -0.36084110592211754     
   3.0368728984701332        5.5652667972921448E-003 -0.33432103256729823     
   3.2463124087094526        4.5924363817889668E-003 -0.31170042125086750     
   3.4557519189487724        3.8622401058915120E-003 -0.29210134714346275     
   3.6651914291880918        3.2980291616461301E-003 -0.27491615514083789     
   3.8746309394274112        2.8519424283717249E-003 -0.25970207440507781     
   4.0840704496667311        2.4925950147857826E-003 -0.24612472883441519     
   4.2935099599060500        2.1985528073687199E-003 -0.23392488537048473     
   4.5029494701453698        1.9547016867577293E-003 -0.22289742259876139     
   4.7123889803846897        1.7501046992235121E-003 -0.21287732604099469     
   4.9218284906240086        1.5766747123381764E-003 -0.20372999762553146     
   5.1312680008633285        1.4283202150036866E-003 -0.19534434554894503     
   5.3407075111026483        1.3003783248307066E-003 -0.18762773475974487     
   5.5501470213419672        1.1892285697614722E-003 -0.18050222097768850     
   5.7595865315812871        1.0920239142808888E-003 -0.17390169276732412     
   5.9690260418206069        1.0064997855716311E-003 -0.16776966989693373     
  0.10471975511965977        4.1990612851251830E-002 -0.24842594834088594     
  0.31415926535897931      -0.14391595474083557       -1.4332843259960475     
  0.52359877559829882      -0.22523952030125891      -0.12657136096122368     
  0.73303828583761832      -0.43662732955099898      -0.97635654378463932     
  0.94247779607693793      -0.58824769958750589       -1.4239017617708274     
   1.1519173063162573       -1.0773923206595359       -1.6417730322472601     
   1.3613568165555769      -0.83629011626717598      -0.68924813132610840     
   1.5707963267948966      -0.30614220534252368      -0.85473079310460343     
   1.7802358370342160      -0.14478722555497731      -0.89219240181290016     
   1.9896753472735356       -7.2387853486499426E-002 -0.82856059460448317     
   2.1991148575128552       -3.8277720473186248E-002 -0.74035130395343884     
   2.4085543677521746       -2.2602139843775775E-002 -0.66162903221415592     
   2.6179938779914940       -1.5166527170718322E-002 -0.59839410656439995     
   2.8274333882308138       -1.1215642667149823E-002 -0.54766175889552593     
   3.0368728984701332       -8.8114841554655064E-003 -0.50591489274845736     
   3.2463124087094526       -7.1885374085887705E-003 -0.47071100418707684     
   3.4557519189487724       -6.0168238303761933E-003 -0.44046216275539729     
   3.6651914291880918       -5.1325330961744962E-003 -0.41409867344301482     
   3.8746309394274112       -4.4435999829167769E-003 -0.39086341806214053     
   4.0840704496667311       -3.8935929881490283E-003 -0.37019811788123347     
   4.2935099599060500       -3.4458021207385611E-003 -0.35167801024537532     
   4.5029494701453698       -3.0752813093610750E-003 -0.33497194720658874     
   4.7123889803846897       -2.7644888771646958E-003 -0.31981666771927808     
   4.9218284906240086       -2.5007398670009546E-003 -0.30599948021379070     
   5.1312680008633285       -2.2746430992830612E-003 -0.29334619960963637     
   5.3407075111026483       -2.0791044616546303E-003 -0.28171250581548041     
   5.5501470213419672       -1.9086705209627433E-003 -0.27097760684645705     
   5.7595865315812871       -1.7590842546530085E-003 -0.26103949875291244     
   5.9690260418206069       -1.6269771279406550E-003 -0.25181135882383932     
  0.10471975511965977        5.1895911709937487E-002 -0.16221521899284563     
  0.31415926535897931       -2.2698755113965019E-002  -1.7273175399326184     
  0.52359877559829882      -0.13760914127764534       0.12260690608570105     
  0.73303828583761832      -0.30782914562919211       -1.0675689251751017     
  0.94247779607693793      -0.41775997609740723       -1.8589203810698129     
   1.1519173063162573       0.39341566545499135       -1.2640433315096953     
   1.3613568165555769      -0.49449999553484036      -0.70813957024803376     
   1.5707963267948966      -0.24294545832803766       -1.0337136824165261     
   1.7802358370342160      -0.14306845240519420       -1.0966773274743153     
   1.9896753472735356       -8.4644322377902065E-002  -1.0119828185406328     
   2.1991148575128552       -4.8928677815553434E-002 -0.89162174836447905     
   2.4085543677521746       -2.9690868296158628E-002 -0.78759225571329616     
   2.6179938779914940       -1.9991302627803867E-002 -0.70727929913782894     
   2.8274333882308138       -1.4783048888760071E-002 -0.64468785406930085     
   3.0368728984701332       -1.1617999272735212E-002 -0.59407826288499677     
   3.2463124087094526       -9.4807042475566067E-003 -0.55184804496203910     
   3.4557519189487724       -7.9345541524732562E-003 -0.51580752975645217     
   3.6651914291880918       -6.7652006280282239E-003 -0.48454339547554032     
   3.8746309394274112       -5.8527103094918528E-003 -0.45708247182734130     
   4.0840704496667311       -5.1234910381130648E-003 -0.43272074034301505     
   4.2935099599060500       -4.5295115265385853E-003 -0.41093009127643831     
   4.5029494701453698       -4.0380079110260035E-003 -0.39130329385946327     
   4.7123889803846897       -3.6258569697127088E-003 -0.37351939687718116     
   4.9218284906240086       -3.2762833413539009E-003 -0.35732089954910734     
   5.1312680008633285       -2.9768334868950034E-003 -0.34249810851340173     
   5.3407075111026483       -2.7180789608551147E-003 -0.32887808556716902     
   5.5501470213419672       -2.4927591653134888E-003 -0.31631663755575679     
   5.7595865315812871       -2.2951989351221590E-003 -0.30469238450397490     
   5.9690260418206069       -2.1209034191082944E-003 -0.29390228462488077     
  0.10471975511965977        4.4454486727589559E-002 -0.11880300056418991     
  0.31415926535897931        1.9379685090154419E-002  -1.8594873651998456     
  0.52359877559829882       -8.2122660878608533E-002  0.23810254918905613     
  0.73303828583761832      -0.20791203573163938       -1.1158068557830099     
  0.94247779607693793      -0.27297744325335183       -2.0548064572181866     
   1.1519173063162573       0.61367801298668856       -1.2210780954023936     
   1.3613568165555769      -0.27347861113746263      -0.75661811528285949     
   1.5707963267948966      -0.17350252828482196       -1.1297915026121641     
   1.7802358370342160      -0.11402969162099391       -1.2044239888174866     
   1.9896753472735356       -7.1704634624770835E-002  -1.1077812486913132     
   2.1991148575128552       -4.2518985026632837E-002 -0.96934139665755625     
   2.4085543677521746       -2.5939689022884925E-002 -0.85141382736434079     
   2.6179938779914940       -1.7452289419751518E-002 -0.76205052224116576     
   2.8274333882308138       -1.2895173200473994E-002 -0.69334884197448077     
   3.0368728984701332       -1.0132098750351225E-002 -0.63823972475285107     
   3.2463124087094526       -8.2676815472766986E-003 -0.59246540508408607     
   3.4557519189487724       -6.9186868590883086E-003 -0.55351240775055355     
   3.6651914291880918       -5.8980417641540731E-003 -0.51978798293474271     
   3.8746309394274112       -5.1013377127040503E-003 -0.49020785950296641     
   4.0840704496667311       -4.4645264469777117E-003 -0.46399366720791041     
   4.2935099599060500       -3.9457805905246269E-003 -0.44056482224095694     
   4.5029494701453698       -3.5165443354276751E-003 -0.41947558807687990     
   4.7123889803846897       -3.1566474615126587E-003 -0.40037588540197822     
   4.9218284906240086       -2.8514459550551771E-003 -0.38298562966055272     
   5.1312680008633285       -2.5900616141377153E-003 -0.36707725636411781     
   5.3407075111026483       -2.3642544240920996E-003 -0.35246343985910905     
   5.5501470213419672       -2.1676764357710368E-003 -0.33898823268396910     
   5.7595865315812871       -1.9953643934658718E-003 -0.32652052930931197     
   5.9690260418206069       -1.8433865126590938E-003 -0.31494915171742138     
  0.10471975511965977        3.6522322850060629E-002  -9.7038372058531067E-002
  0.31415926535897931        3.3610662039842865E-002  -1.9222210746279049     
  0.52359877559829882       -5.1031405124295992E-002  0.29367541330018126     
  0.73303828583761832      -0.14571650473998804       -1.1404090651032219     
  0.94247779607693793      -0.18418696150460168       -2.1466026051377223     
   1.1519173063162573       0.61050655267219445       -1.2165389743729356     
   1.3613568165555769      -0.15309814263765553      -0.79256585372466271     
   1.5707963267948966      -0.12647716982309370       -1.1796844105115998     
   1.7802358370342160       -8.9813143086581393E-002  -1.2595774862022904     
   1.9896753472735356       -5.8583844274985045E-002  -1.1565982424169947     
   2.1991148575128552       -3.5228597355526477E-002  -1.0086620319321107     
   2.4085543677521746       -2.1546030919453434E-002 -0.88350517584976918     
   2.6179938779914940       -1.4485818816308204E-002 -0.78950348472448861     
   2.8274333882308138       -1.0697144246890470E-002 -0.71770797434444855     
   3.0368728984701332       -8.4036161549246001E-003 -0.66033517611698844     
   3.2463124087094526       -6.8569125430017440E-003 -0.61278279120728596     
   3.4557519189487724       -5.7377542252714216E-003 -0.57237043844974411     
   3.6651914291880918       -4.8908458296974900E-003 -0.53741405599035719     
   3.8746309394274112       -4.2296537816422257E-003 -0.50677320170318774     
   4.0840704496667311       -3.7011084009239163E-003 -0.47963203956961081     
   4.2935099599060500       -3.2705424087808898E-003 -0.45538359596289291     
   4.5029494701453698       -2.9142782438257883E-003 -0.43356279468195319     
   4.7123889803846897       -2.6155842092089091E-003 -0.41380494043572469     
   4.9218284906240086       -2.3623080109183270E-003 -0.39581862445823923     
   5.1312680008633285       -2.1454194259126276E-003 -0.37936732591880207     
   5.3407075111026483       -1.9580764195711031E-003 -0.36425651171252471     
   5.5501470213419672       -1.7950069323978105E-003 -0.35032434794242007     
   5.7595865315812871       -1.6520882907263060E-003 -0.33743485989507477     
   5.9690260418206069       -1.5260542700649962E-003 -0.32547279693374598     
  0.10471975511965977        3.1009637929994477E-002  -8.6136141770378594E-002
  0.31415926535897931        3.8194348890483232E-002  -1.9525611987206555     
  0.52359877559829882       -3.4323527280163857E-002  0.32079248251803605     
  0.73303828583761832      -0.11011904760994409       -1.1528798794410515     
  0.94247779607693793      -0.13413362324391692       -2.1906049790114861     
   1.1519173063162573       0.57143879624177063       -1.2183764597697118     
   1.3613568165555769       -9.0091329256696440E-002 -0.81431281211054940     
   1.5707963267948966       -9.8543414706485602E-002  -1.2052590560076681     
   1.7802358370342160       -7.4155718421234765E-002  -1.2875705636967592     
   1.9896753472735356       -4.9579241706921531E-002  -1.1812991809214859     
   2.1991148575128552       -3.0081713392199845E-002  -1.0284688154534369     
   2.4085543677521746       -1.8425032684437279E-002 -0.89960878037837189     
   2.6179938779914940       -1.2380574934974681E-002 -0.80325206140068706     
   2.8274333882308138       -9.1387136306336145E-003 -0.72989723426694786     
   3.0368728984701332       -7.1784010229838302E-003 -0.67138803420214654     
   3.2463124087094526       -5.8569607022159924E-003 -0.62294459086639753     
   3.4557519189487724       -4.9007962296471197E-003 -0.58180148579516777     
   3.6651914291880918       -4.1771553686637559E-003 -0.54622848691175818     
   3.8746309394274112       -3.6121475447539143E-003 -0.51505686283358632     
   4.0840704496667311       -3.1604657491680942E-003 -0.48745194765981464     
   4.2935099599060500       -2.7925089957585498E-003 -0.46279352089443826     
   4.5029494701453698       -2.4880548332414073E-003 -0.44060680655565199     
   4.7123889803846897       -2.2328093656081164E-003 -0.42051978321670502     
   4.9218284906240086       -2.0163884168456726E-003 -0.40223536857575998     
   5.1312680008633285       -1.8310740758290488E-003 -0.38551255620140695     
   5.3407075111026483       -1.6710176704023512E-003 -0.37015320430492349     
   5.5501470213419672       -1.5317120012757351E-003 -0.35599253238672857     
   5.7595865315812871       -1.4096321835338208E-003 -0.34289212878419673     
   5.9690260418206069       -1.3019854271656560E-003 -0.33073470488038070     
  0.10471975511965977        2.7669581718973629E-002  -8.0678555084355785E-002
  0.31415926535897931        3.9524206054068478E-002  -1.9673758540161459     
  0.52359877559829882       -2.5538021761478569E-002  0.33411731426359081     
  0.73303828583761832       -9.0619195124663737E-002  -1.1591695590328726     
  0.94247779607693793      -0.10701637050291787       -2.2119312144027461     
   1.1519173063162573       0.53820060447495388       -1.2206981764301683     
   1.3613568165555769       -5.7614092032340497E-002 -0.82651977927964237     
   1.5707963267948966       -8.2915822549157220E-002  -1.2182647480250701     
   1.7802358370342160       -6.4985277636893282E-002  -1.3017095010030957     
   1.9896753472735356       -4.4151548398448745E-002  -1.1937496382808099     
   2.1991148575128552       -2.6939757528822800E-002  -1.0384221902335538     
   2.4085543677521746       -1.6514919751146554E-002 -0.90768021072125826     
   2.6179938779914940       -1.1092803053554362E-002 -0.81013373130306487     
   2.8274333882308138       -8.1858779152066425E-003 -0.73599504408008620     
   3.0368728984701332       -6.4293985837520704E-003 -0.67691611965788123     
   3.2463124087094526       -5.2456917616904228E-003 -0.62802648113981219     
   3.4557519189487724       -4.3891935252731379E-003 -0.58651765124659472     
   3.6651914291880918       -3.7409412465489195E-003 -0.55063613936734590     
   3.8746309394274112       -3.2347673178497673E-003 -0.51919900159924715     
   4.0840704496667311       -2.8301056688757819E-003 -0.49136212511886834     
   4.2935099599060500       -2.5004503459920158E-003 -0.46649864901030741     
   4.5029494701453698       -2.2276905097409643E-003 -0.44412893768583428     
   4.7123889803846897       -1.9990227552646148E-003 -0.42387730080183350     
   4.9218284906240086       -1.8051443497944582E-003 -0.40544381562667386     
   5.1312680008633285       -1.6391402912192977E-003 -0.38858523056186134     
   5.3407075111026483       -1.4957698291535883E-003 -0.37310159790553471     
   5.5501470213419672       -1.3709939385915587E-003 -0.35882666278935160     
   5.7595865315812871       -1.2616536963836046E-003 -0.34562079433605680     
   5.9690260418206069       -1.1652461735776158E-003 -0.33336568441630421     
  0.10471975511965977        2.5779648692974111E-002  -7.7947448468032032E-002
  0.31415926535897931        3.9825985072522441E-002  -1.9746537949155591     
  0.52359877559829882       -2.0983623176226818E-002  0.34069440425393005     
  0.73303828583761832       -8.0228213177498925E-002  -1.1623336633811510     
  0.94247779607693793       -9.2676463380290619E-002  -2.2223464805469928     
   1.1519173063162573       0.51647897293622647       -1.2223664969954886     
   1.3613568165555769       -4.1020943177551533E-002 -0.83311203284853219     
   1.5707963267948966       -7.4477845336752516E-002  -1.2248472124860261     
   1.7802358370342160       -5.9894623120293158E-002  -1.3088305640785973     
   1.9896753472735356       -4.1088920503661669E-002  -1.2000110750263788     
   2.1991148575128552       -2.5154503926609027E-002  -1.0434169597488119     
   2.4085543677521746       -1.5428119609746039E-002 -0.91172300550092067     
   2.6179938779914940       -1.0360322308906642E-002 -0.81357721340016509     
   2.8274333882308138       -7.6440523141279564E-003 -0.73904508075628073     
   3.0368728984701332       -6.0035148322284066E-003 -0.67968074791945798     
   3.2463124087094526       -4.8981313740834656E-003 -0.63056777458866309     
   3.4557519189487724       -4.0983109853074771E-003 -0.58887595877282950     
   3.6651914291880918       -3.4929346606790588E-003 -0.55284011816527678     
   3.8746309394274112       -3.0202242774594996E-003 -0.52127017828512645     
   4.0840704496667311       -2.6423080698796085E-003 -0.49331729144256686     
   4.2935099599060500       -2.3344392732574585E-003 -0.46835127047665959     
   4.5029494701453698       -2.0797075338069666E-003 -0.44589004655559045     
   4.7123889803846897       -1.8661570040215776E-003 -0.42555609281158280     
   4.9218284906240086       -1.6851000299064089E-003 -0.40704806500820873     
   5.1312680008633285       -1.5300783476276773E-003 -0.39012158813175157     
   5.3407075111026483       -1.3961970734892911E-003 -0.37457581097286963     
   5.5501470213419672       -1.2796835706688314E-003 -0.36024374110532625     
   5.7595865315812871       -1.1775871621783876E-003 -0.34698513778610429     
   5.9690260418206069       -1.0875698696958735E-003 -0.33468118294757054     
  0.10471975511965977        2.4752275890815162E-002  -7.6581039175577417E-002
  0.31415926535897931        3.9840702966693176E-002  -1.9782448824942673     
  0.52359877559829882       -1.8645992627870145E-002  0.34395135616856409     
  0.73303828583761832       -7.4792470591901528E-002  -1.1639228439960179     
  0.94247779607693793       -8.5214563424349354E-002  -2.2274622620988733     
   1.1519173063162573       0.50371417111080885       -1.2233871977438242     
   1.3613568165555769       -3.2593289347708748E-002 -0.83658942343996789     
   1.5707963267948966       -7.0025164796624184E-002  -1.2281679904472134     
   1.7802358370342160       -5.7159901364189775E-002  -1.3124102080590743     
   1.9896753472735356       -3.9426887445841503E-002  -1.2031551985799331     
   2.1991148575128552       -2.4181568513709721E-002  -1.0459210378501711     
   2.4085543677521746       -1.4835346693050255E-002 -0.91374702320732637     
   2.6179938779914940       -9.9608818588110947E-003 -0.81529993409850932     
   2.8274333882308138       -7.3486293144107004E-003 -0.74057051789512851     
   3.0368728984701332       -5.7713186304019452E-003 -0.68106327870955630     
   3.2463124087094526       -4.7086405536518527E-003 -0.63183855019268065     
   3.4557519189487724       -3.9397239987585941E-003 -0.59005519571393006     
   3.6651914291880918       -3.3577273537455741E-003 -0.55394216401604446     
   3.8746309394274112       -2.9032651031707032E-003 -0.52230580633059154     
   4.0840704496667311       -2.5399339859302154E-003 -0.49429490331442194     
   4.2935099599060500       -2.2439461522131684E-003 -0.46927760245098826     
   4.5029494701453698       -1.9990457068155159E-003 -0.44677061701316823     
   4.7123889803846897       -1.7937389199866099E-003 -0.42639550110675689     
   4.9218284906240086       -1.6196735407430567E-003 -0.40785019926565208     
   5.1312680008633285       -1.4706403906608115E-003 -0.39088977446079504     
   5.3407075111026483       -1.3419332225589609E-003 -0.37531292352526224     
   5.5501470213419672       -1.2299246977104429E-003 -0.36095228511566751     
   5.7595865315812871       -1.1317777297248849E-003 -0.34766731346048518     
   5.9690260418206069       -1.0452443176075391E-003 -0.33533893545556620     
  0.10471975511965977        2.4208041690413518E-002  -7.5897518724004367E-002
  0.31415926535897931        3.9797571593083947E-002  -1.9800227597584539     
  0.52359877559829882       -1.7454795311578342E-002  0.34556817357919511     
  0.73303828583761832       -7.1985535221969710E-002  -1.1647200642538857     
  0.94247779607693793       -8.1375503295135321E-002  -2.2299862466041906     
   1.1519173063162573       0.49662707804858702       -1.2239662017021895     
   1.3613568165555769       -2.8331115530705386E-002 -0.83839504857616043     
   1.5707963267948966       -6.7712224612040545E-002  -1.2298392914732832     
   1.7802358370342160       -5.5722333813746361E-002  -1.3142070841929145     
   1.9896753472735356       -3.8547411187109464E-002  -1.2047322069887096     
   2.1991148575128552       -2.3665328994687373E-002  -1.0471755466497481     
   2.4085543677521746       -1.4520657334615730E-002 -0.91475999888016690     
   2.6179938779914940       -9.7488543940647040E-003 -0.81616165589407652     
   2.8274333882308138       -7.1918320072179315E-003 -0.74133339097752926     
   3.0368728984701332       -5.6480830773429202E-003 -0.68175462403768294     
   3.2463124087094526       -4.6080713267458049E-003 -0.63247398554245082     
   3.4557519189487724       -3.8555574865465881E-003 -0.59064484487137792     
   3.6651914291880918       -3.2859704581643750E-003 -0.55449320776818500     
   3.8746309394274112       -2.8411943782867908E-003 -0.52282363500075246     
   4.0840704496667311       -2.4856052231144034E-003 -0.49478371984230229     
   4.2935099599060500       -2.1959240040009104E-003 -0.46974077627462135     
   4.5029494701453698       -1.9562421525370307E-003 -0.44721090815318393     
   4.7123889803846897       -1.7553112099341424E-003 -0.42681520978857951     
   4.9218284906240086       -1.5849569555952863E-003 -0.40825126992378552     
   5.1312680008633285       -1.4391024331939248E-003 -0.39127387040854178     
   5.3407075111026483       -1.3131415348705171E-003 -0.37568148202193008     
   5.5501470213419672       -1.2035240578192547E-003 -0.36130655891100272     
   5.7595865315812871       -1.1074732204921960E-003 -0.34800840275469963     
   5.9690260418206069       -1.0227887915018334E-003 -0.33566781290575798     
  0.10471975511965977        2.3924802326282829E-002  -7.5555643718217602E-002
  0.31415926535897931        3.9757621106262131E-002  -1.9809052773415945     
  0.52359877559829882       -1.6851050123539490E-002  0.34637234459299637     
  0.73303828583761832       -7.0549639400772635E-002  -1.1651196302411204     
  0.94247779607693793       -7.9416626208706154E-002  -2.2312359130001851     
   1.1519173063162573       0.49282710596201162       -1.2242806336655403     
   1.3613568165555769       -2.6182458465220437E-002 -0.83932219431690513     
   1.5707963267948966       -6.6524227924306525E-002  -1.2306789095359791     
   1.7802358370342160       -5.4977988409362022E-002  -1.3151080864860034     
   1.9896753472735356       -3.8090028836607823E-002  -1.2055225091870199     
   2.1991148575128552       -2.3396369286072246E-002  -1.0478036987291610     
   2.4085543677521746       -1.4356648614105436E-002 -0.91526683812100984     
   2.6179938779914940       -9.6383596644006100E-003 -0.81659264816251997     
   2.8274333882308138       -7.1101252755429948E-003 -0.74171488367692728     
   3.0368728984701332       -5.5838666090117549E-003 -0.68210032575341828     
   3.2463124087094526       -4.5556663073822567E-003 -0.63279172049850241     
   3.4557519189487724       -3.8117000030577120E-003 -0.59093968060318969     
   3.6651914291880918       -3.2485798482933506E-003 -0.55476873721368614     
   3.8746309394274112       -2.8088515116362436E-003 -0.52308255465939701     
   4.0840704496667311       -2.4572969666821235E-003 -0.49502813195585249     
   4.2935099599060500       -2.1709023610644389E-003 -0.46997236603457387     
   4.5029494701453698       -1.9339401071299151E-003 -0.44743105587160376     
   4.7123889803846897       -1.7352895560876374E-003 -0.42702506577743937     
   4.9218284906240086       -1.5668692632026878E-003 -0.40845180653560115     
   5.1312680008633285       -1.4226711792066082E-003 -0.39146591939396519     
   5.3407075111026483       -1.2981413853055573E-003 -0.37586576207728339     
   5.5501470213419672       -1.1897698802905206E-003 -0.36148369645929623     
   5.7595865315812871       -1.0948113128325734E-003 -0.34817894793135423     
   5.9690260418206069       -1.0110903488676989E-003 -0.33583225206560363     
